10 37
0 8 16 7 4
0 4 12 8 4
0 1 19 15 7
0 6 10 9 4
0 7 20 6 3
0 3 19 13 10
0 2 6 6 5
1 3 17 15 9
1 2 12 12 7
1 4 10 9 5
1 6 15 12 7
1 9 11 6 4
1 7 17 15 10
2 8 15 14 8
2 6 11 9 8
2 5 12 10 5
2 4 20 14 2
2 3 8 8 2
2 9 18 13 6
3 5 16 15 4
3 6 11 7 7
3 4 20 14 9
3 9 9 8 5
3 8 20 12 7
3 7 17 7 5
4 6 19 12 7
4 8 14 7 6
4 9 13 4 1
4 7 15 13 10
4 5 14 7 2
5 8 16 9 5
5 7 11 9 3
5 6 20 2 2
5 9 15 5 5
6 8 16 14 8
6 9 15 14 7
6 7 14 14 7
11
16
9
27
17
38
14
20
6
27
