10 38
0 6 11 6 3
0 9 20 15 5
0 2 18 3 1
0 5 18 15 10
0 8 17 13 7
1 6 14 9 9
1 3 16 15 9
1 2 16 13 4
1 7 12 10 4
1 5 18 15 9
1 9 16 12 10
1 8 12 10 6
1 4 16 12 8
2 6 18 13 4
2 3 20 13 6
2 5 13 12 4
2 7 13 7 7
2 8 15 14 5
2 9 16 10 9
3 4 18 12 10
3 7 20 12 8
3 5 12 5 2
3 6 19 13 6
3 8 14 14 9
3 9 19 1 1
4 8 13 7 6
4 7 15 12 1
4 5 16 13 4
4 6 13 2 1
4 9 16 10 1
5 7 18 15 5
5 6 8 6 5
5 8 3 3 1
5 9 18 9 9
6 8 19 14 10
6 9 18 9 5
6 7 14 12 3
7 9 19 8 7
20
10
15
13
29
20
20
16
16
12
