50 226
0 12 19 7 5
0 28 17 15 8
0 23 12 12 2
0 18 16 12 2
0 25 20 14 6
0 44 20 13 8
0 10 12 9 4
0 14 20 14 2
0 43 14 11 8
0 20 11 2 1
0 32 18 6 6
0 21 13 9 5
0 45 20 11 10
0 40 19 10 9
0 29 13 5 5
0 8 16 14 3
0 5 8 6 4
0 33 17 8 7
0 26 15 3 2
0 41 17 7 7
0 3 20 8 8
0 24 8 4 3
0 35 16 4 3
0 7 3 3 3
0 6 20 15 4
0 27 16 15 2
0 11 13 9 9
0 34 4 3 3
0 36 19 9 6
0 9 16 14 3
0 47 16 14 7
0 15 16 15 3
0 37 19 6 2
1 38 18 15 7
1 48 20 13 9
1 33 18 14 5
1 28 20 12 8
1 26 19 12 9
1 47 10 7 2
1 40 10 10 7
1 23 16 15 9
1 49 15 15 3
1 30 15 11 4
1 9 13 10 10
1 16 18 5 3
1 19 19 14 3
1 43 17 15 6
1 45 17 13 10
1 31 20 9 7
1 36 16 15 10
1 12 16 15 8
1 18 8 6 1
1 5 15 5 3
1 22 9 7 7
1 34 15 9 8
1 32 10 10 9
1 15 10 9 9
1 20 20 9 9
1 14 15 14 10
1 8 14 11 10
1 37 15 15 4
1 4 18 12 10
1 39 13 6 5
1 44 19 14 10
2 30 15 12 8
2 29 13 8 4
2 12 12 11 2
2 15 11 10 6
2 32 13 8 8
2 13 17 11 7
2 23 6 5 3
2 41 16 9 6
2 47 9 8 7
2 19 17 12 9
2 33 9 4 3
2 8 17 10 6
2 21 11 11 10
2 48 16 14 10
2 46 16 11 8
2 25 14 14 2
2 4 18 13 8
2 45 9 5 3
2 43 13 6 3
2 26 12 4 4
2 34 16 12 6
2 39 14 7 2
2 3 16 15 7
2 42 18 9 4
2 6 12 12 6
2 22 15 7 6
2 18 19 15 8
2 5 16 7 5
2 9 19 12 2
2 17 18 7 5
2 16 17 9 3
2 11 19 14 4
2 38 18 15 3
2 37 14 12 9
2 14 10 2 1
2 36 17 5 3
2 7 14 12 9
3 24 19 15 1
3 11 18 13 6
3 35 19 15 7
3 29 14 6 6
3 23 9 9 2
3 20 14 12 10
3 37 19 4 4
3 18 19 14 10
3 49 12 12 5
3 26 16 13 3
3 8 13 8 3
3 28 20 4 3
3 4 18 14 3
3 45 18 10 8
3 46 12 12 8
3 36 16 15 7
3 14 16 10 7
3 17 20 15 10
3 33 19 9 6
3 9 18 12 8
3 39 16 6 1
3 47 17 9 7
3 22 13 11 8
3 31 13 10 4
3 42 11 5 4
3 16 11 3 2
3 44 19 11 4
3 6 10 10 7
4 33 20 13 4
4 28 17 9 9
4 24 17 14 3
4 40 18 13 2
4 31 15 11 5
4 8 14 14 9
4 10 18 10 9
4 13 10 8 2
4 5 19 7 1
4 20 19 12 7
4 17 12 10 5
4 25 18 12 9
4 11 16 9 1
4 34 12 10 6
4 19 13 12 1
4 37 17 5 5
4 26 15 3 2
4 48 15 11 6
4 43 17 15 10
4 9 12 5 4
4 30 5 5 5
4 7 20 9 3
5 11 14 14 2
5 15 19 14 5
5 17 19 13 1
5 8 19 15 10
5 18 17 12 10
5 14 13 9 1
5 29 10 10 1
5 43 20 13 7
5 19 9 4 2
5 7 19 15 9
5 10 16 6 2
5 35 20 2 2
5 27 16 15 10
5 46 15 13 6
5 44 12 12 9
5 39 19 3 3
5 9 9 9 5
5 36 15 8 2
5 49 12 12 4
5 40 19 10 8
5 45 13 3 3
5 12 20 9 4
5 13 17 13 7
5 48 17 9 6
5 33 7 7 6
5 34 11 2 1
5 28 17 10 4
5 32 20 10 7
5 24 12 12 5
5 26 19 12 10
5 41 13 5 4
5 22 12 7 7
5 20 19 11 6
5 6 15 10 6
5 25 14 14 6
5 30 14 13 1
5 37 7 5 3
5 38 12 11 8
5 21 19 9 4
6 25 16 10 8
6 36 20 15 5
6 48 17 15 2
6 8 18 13 2
6 33 18 12 7
6 31 11 11 6
6 43 15 8 7
6 21 12 8 3
6 13 14 11 5
6 28 10 6 2
6 49 14 12 2
6 17 18 13 9
6 29 12 8 2
6 18 11 11 1
6 23 16 15 5
6 30 19 10 10
6 40 12 10 4
6 42 16 11 5
6 32 14 14 6
6 20 16 15 7
6 22 7 7 3
7 13 13 11 5
7 37 17 14 9
7 35 20 11 1
7 18 5 4 2
7 24 13 13 7
7 45 15 11 10
7 12 13 13 6
7 32 14 11 8
7 14 18 15 1
7 34 11 9 1
7 27 17 9 7
7 42 16 7 6
7 19 19 14 4
7 40 19 13 9
7 23 11 11 5
117
25
49
54
46
78
78
89
25
102
89
73
184
116
100
162
208
53
117
41
168
100
34
163
157
6
209
59
40
150
164
32
141
161
153
129
97
19
12
158
190
135
99
105
13
113
122
137
175
40
