50 327
0 31 18 7 5
0 40 13 11 6
0 18 17 6 6
0 11 20 3 3
0 36 13 13 9
0 16 20 6 5
0 7 20 9 9
0 22 14 9 6
0 9 14 13 1
0 39 20 15 3
0 37 18 12 8
0 6 15 14 5
0 46 14 11 9
0 19 12 12 10
0 4 17 15 8
0 24 14 13 6
0 30 13 12 6
0 8 17 15 4
0 29 6 5 4
0 38 18 12 4
0 44 20 12 10
0 48 17 14 6
0 12 10 10 9
0 41 8 4 1
0 20 8 2 2
0 49 13 11 8
0 47 13 13 6
0 10 20 14 9
0 21 16 14 6
0 26 12 12 3
0 34 16 10 10
0 32 15 13 9
0 45 4 3 2
0 1 19 6 5
0 35 16 6 6
0 43 14 14 8
0 23 13 12 1
0 15 10 6 1
0 14 20 11 6
0 25 16 15 8
1 26 18 6 6
1 48 20 7 4
1 5 17 2 1
1 37 11 11 5
1 32 14 10 5
1 20 10 3 3
1 12 19 14 8
1 22 14 8 3
1 31 15 10 10
1 24 19 15 8
1 33 18 13 9
1 45 19 11 4
1 49 9 5 1
1 19 9 9 2
1 15 17 14 10
1 47 13 9 8
1 34 16 15 3
1 42 12 11 2
1 29 20 7 3
1 23 13 11 5
1 8 9 7 4
1 40 14 14 10
1 25 17 10 1
1 27 12 5 1
1 44 17 5 4
1 41 8 6 6
1 11 20 14 9
1 4 19 14 9
1 9 17 13 1
1 16 11 7 3
1 3 16 8 1
1 13 10 1 1
1 7 18 15 2
1 36 18 6 6
1 10 13 6 1
1 35 18 6 5
1 38 20 13 10
1 46 12 8 8
1 30 18 13 7
1 18 9 7 1
2 40 5 5 4
2 21 15 6 6
2 10 17 14 2
2 44 10 7 6
2 32 18 14 8
2 12 14 9 5
2 13 10 10 6
2 41 19 14 6
2 36 15 12 10
2 33 20 11 6
2 9 19 12 3
2 24 18 6 1
2 23 16 11 4
2 34 16 14 9
2 39 16 15 8
2 42 12 9 9
2 31 15 13 2
2 14 12 5 3
2 35 14 11 3
2 18 4 3 2
2 20 18 14 2
2 29 20 10 5
2 17 16 13 8
2 25 13 13 3
2 22 16 10 3
2 4 17 6 5
2 16 6 6 4
2 7 15 14 7
2 5 12 7 6
2 38 16 12 3
2 28 17 12 9
2 15 16 14 4
2 46 19 15 1
2 26 15 6 2
2 19 12 9 9
2 37 7 6 2
3 22 19 7 3
3 21 16 12 7
3 27 13 6 4
3 15 19 6 4
3 10 18 4 1
3 16 16 9 7
3 36 12 9 6
3 29 16 13 9
3 44 17 10 9
3 38 20 15 7
3 12 14 11 10
3 48 15 7 2
3 13 17 13 3
3 37 20 14 8
3 41 18 12 10
3 25 16 13 10
3 33 10 4 3
3 6 10 2 1
3 31 12 9 2
3 35 17 9 5
3 5 19 12 4
3 42 20 6 2
3 17 15 14 7
3 39 8 6 1
3 40 16 10 2
3 8 20 8 8
3 19 19 14 8
3 43 20 10 10
3 45 19 12 5
3 9 20 15 7
3 4 20 11 8
3 7 12 12 7
3 47 17 12 10
3 18 14 10 7
3 14 9 9 8
3 20 11 7 4
3 26 9 9 2
3 32 18 13 5
3 30 18 12 8
4 46 20 11 3
4 26 17 10 10
4 13 16 11 8
4 12 18 14 3
4 31 20 6 2
4 10 16 12 6
4 27 15 14 10
4 21 18 12 5
4 34 9 5 5
4 18 20 11 2
4 42 19 11 5
4 17 15 5 5
4 47 10 5 3
4 39 14 13 3
4 29 13 13 8
4 24 14 13 9
4 19 12 12 9
4 8 17 10 2
4 22 17 15 5
4 33 11 9 3
4 5 11 5 4
4 32 16 13 6
4 36 20 13 5
4 15 16 7 2
4 40 19 15 8
4 20 18 7 7
4 35 12 9 3
4 38 20 8 4
4 45 18 7 2
4 37 20 8 3
4 23 16 15 8
4 11 14 13 3
4 48 19 10 6
4 7 20 11 9
4 28 11 11 10
4 49 19 14 10
4 6 17 13 10
4 43 12 6 2
5 14 18 6 4
5 9 16 11 9
5 43 16 9 3
5 28 14 12 5
5 7 16 10 1
5 39 15 11 2
5 26 15 12 9
5 32 17 14 2
5 24 17 15 10
5 13 11 11 10
5 12 12 12 5
5 16 11 10 8
5 35 16 12 5
5 40 19 15 6
5 36 14 11 5
5 44 20 14 9
5 27 20 12 10
5 18 17 14 6
5 33 12 12 8
5 15 13 12 2
5 10 15 15 7
5 30 11 11 4
5 6 16 15 7
5 42 18 13 10
5 17 16 10 8
5 31 14 14 10
5 8 17 8 4
5 22 15 11 4
5 48 18 14 2
5 38 16 14 9
5 21 18 14 9
5 45 12 11 7
5 29 14 8 5
5 20 15 9 7
5 49 17 15 3
5 46 16 14 10
5 23 17 13 1
5 47 20 15 10
5 41 14 9 3
5 11 18 15 6
5 19 14 14 1
5 37 17 14 10
5 25 10 8 5
5 34 10 10 10
6 29 17 12 3
6 20 20 11 4
6 16 19 9 1
6 43 19 9 7
6 17 7 1 1
6 21 18 15 5
6 36 16 14 1
6 35 10 9 2
6 41 19 15 5
6 12 14 12 3
6 42 20 9 7
6 10 9 7 3
6 11 15 10 9
6 40 18 9 1
6 32 18 15 4
6 45 11 10 9
6 38 11 11 3
6 7 11 3 1
6 24 19 15 3
6 31 13 12 4
6 14 14 10 2
6 19 15 15 9
6 37 14 13 4
6 30 17 13 6
6 18 16 10 3
6 9 15 13 6
6 8 14 11 9
6 15 13 10 8
6 49 7 7 4
6 23 20 15 2
6 46 3 1 1
6 33 13 13 7
7 23 17 12 1
7 17 16 11 8
7 22 16 14 8
7 45 18 13 9
7 21 18 13 6
7 27 11 7 4
7 25 16 14 9
7 44 18 11 3
7 20 19 15 8
7 35 11 11 7
7 49 16 14 5
7 42 16 3 1
7 28 18 4 3
7 26 13 10 9
7 16 11 7 6
7 37 4 2 1
7 18 16 12 6
7 31 20 12 8
7 12 13 6 5
7 13 4 4 2
7 39 12 11 8
7 8 20 11 4
7 10 19 15 9
7 14 19 13 7
7 40 17 14 10
7 46 18 9 8
7 32 15 9 3
7 24 17 6 1
7 34 17 12 10
7 33 12 12 9
7 15 20 15 7
7 29 14 10 3
7 41 15 13 8
7 36 10 1 1
7 30 11 10 10
7 11 9 7 6
7 38 15 14 6
7 48 13 10 10
7 9 18 14 10
7 19 12 12 9
7 47 18 11 1
7 43 12 11 10
8 35 12 11 4
8 39 18 7 7
8 34 20 15 9
8 16 18 15 8
8 14 7 7 6
8 31 11 3 3
8 42 16 14 9
8 45 16 13 7
8 33 20 13 8
8 22 18 12 8
8 18 16 15 2
8 10 16 7 7
8 44 18 13 2
8 30 16 9 7
8 28 6 5 1
8 24 13 13 9
70
6
45
162
30
204
99
68
58
182
10
138
38
84
9
55
21
90
24
19
115
126
123
108
5
118
30
119
55
25
66
162
140
38
143
64
90
33
103
10
93
15
78
134
45
22
10
27
37
71
